50  # sum
5   # layers
16  # numbers per layer

2
 0 16  8  4 15  7 10  1 10  4  5  3 15 16  4  7 
13 11 13 10 18 10 10 10 10 15  7 19 18  2  9  7 

2
 8  . 10  .  9  .  8  .  8  .  9  .  6  . 10  . 
10 20  7 20 12  1 10 12 22  0  5  8  5  1 24  8 

2
 0  . 11  .  8  .  8  .  8  . 10  . 11  . 10  . 
20  8 19 10 15 20 12 20 13 13  0 22 19 10  0  5 

2
 3  .  8  . 10  . 14  . 11  .  8  . 12  . 11  . 
10 17 10  5  6 18  8 17  4 20  4 14  4  5  1 14

1
 6  .  8  .  8  . 16  . 19  .  8  . 17  .  6  . 
